Mass: 3.4328058E12 kg
Diameter: 3.5026262 m

Time (s)	Acceleration (m/s²)	Velocity (m/s)	Position (m, m)		Forces felt (MN)
0.02		15.17			57.09		(408.20, 165.77)		73728530.58
0.07		5.87			15.05		(409.02, 165.48)		28555861.24
0.11		1.51			21.41		(409.82, 165.20)		7326020.25
0.12		2.99			78.95		(410.63, 164.92)		14549843.55
0.14		6.33			54.36		(411.44, 164.63)		30758920.28
0.17		10.95			25.51		(412.25, 164.34)		53242526.66
0.19		14.27			41.01		(412.92, 164.26)		69367309.27
0.21		14.11			36.84		(413.52, 164.38)		68615408.47
0.22		12.74			35.65		(414.12, 164.51)		61940721.75
0.24		11.06			39.86		(414.71, 164.65)		53764174.84
0.26		9.43			35.08		(415.31, 164.78)		45845166.21
0.27		8.02			36.55		(415.91, 164.91)		38964319.49
0.29		6.85			34.93		(416.51, 165.04)		33302365.58
0.31		5.91			38.52		(417.10, 165.17)		28740324.75
0.32		5.16			36.75		(417.70, 165.29)		25083290.53
0.34		4.55			36.56		(418.30, 165.41)		22132615.92
0.36		4.06			35.92		(418.89, 165.54)		19719013.17
0.37		3.64			37.29		(419.49, 165.66)		17718164.40
0.39		3.30			36.39		(420.09, 165.78)		16029864.18
0.41		3.00			35.86		(420.69, 165.89)		14583850.27
0.42		2.74			37.34		(421.28, 166.01)		13327956.63
0.44		2.52			36.46		(421.88, 166.13)		12226972.23
0.46		2.31			36.41		(422.48, 166.25)		11248927.72
0.47		2.13			35.71		(423.07, 166.36)		10374863.20
0.49		1.97			37.20		(423.67, 166.48)		9589127.15
0.51		1.82			38.45		(424.27, 166.59)		8869940.92
0.52		1.69			35.02		(424.86, 166.70)		8218853.97
0.54		1.57			36.01		(425.46, 166.82)		7614014.60
0.56		1.45			36.50		(426.06, 166.93)		7048848.51
0.57		1.34			35.64		(426.65, 167.04)		6497654.26
0.59		1.23			37.17		(427.25, 167.16)		5994409.65
0.61		1.13			36.33		(427.85, 167.27)		5515863.80
0.62		1.04			36.53		(428.44, 167.38)		5061579.05
0.64		0.95			36.41		(429.04, 167.49)		4626409.15
0.66		0.87			36.42		(429.63, 167.60)		4221265.47
0.67		0.79			36.39		(430.23, 167.71)		3835122.57
0.69		0.71			36.18		(430.83, 167.82)		3475485.81
0.71		0.65			38.66		(431.42, 167.93)		3166698.23
0.72		0.60			34.03		(432.02, 168.04)		2917981.94
0.74		0.57			34.62		(432.61, 168.15)		2749028.00
0.76		0.55			38.65		(433.21, 168.26)		2680068.80
0.77		0.56			36.42		(433.81, 168.37)		2704051.32
0.79		0.59			36.51		(434.40, 168.48)		2868601.82
0.81		0.65			35.99		(435.00, 168.59)		3139782.63
0.82		0.72			36.80		(435.60, 168.70)		3505045.36
0.84		0.81			36.42		(436.19, 168.81)		3940579.38
0.86		0.91			36.44		(436.79, 168.92)		4440170.24
0.87		1.03			36.43		(437.39, 169.03)		4996847.23
0.89		1.15			36.32		(437.98, 169.14)		5599411.88
0.91		1.29			35.76		(438.58, 169.25)		6250406.35
0.92		1.43			37.35		(439.18, 169.36)		6948648.15
0.94		1.58			36.40		(439.78, 169.47)		7695784.22
0.96		1.75			36.65		(440.38, 169.58)		8511772.53
0.97		1.93			36.21		(440.98, 169.69)		9367325.36
0.99		2.12			36.85		(441.58, 169.80)		10285572.08
1.01		2.32			36.66		(442.18, 169.91)		11273657.13
1.02		2.54			36.66		(442.78, 170.02)		12359961.32
1.04		2.78			36.49		(443.38, 170.13)		13519572.40
1.06		3.04			36.73		(443.98, 170.24)		14784537.06
1.07		3.33			37.42		(444.59, 170.35)		16171995.16
1.09		3.64			36.46		(445.19, 170.46)		17702337.51
1.11		3.99			36.92		(445.80, 170.57)		19403880.08
1.12		4.38			37.13		(446.40, 170.68)		21308278.37
1.14		4.83			37.06		(447.01, 170.79)		23456599.59
1.16		5.32			37.15		(447.62, 170.90)		25879728.28
1.17		5.90			38.65		(448.23, 171.01)		28698252.04
1.19		6.57			35.86		(448.84, 171.12)		31942487.76
1.21		7.35			39.63		(449.46, 171.23)		35730741.54
1.22		8.27			35.69		(450.07, 171.33)		40184747.26
1.24		8.79			33.01		(450.60, 171.51)		42714537.19
1.26		8.64			29.64		(451.02, 171.78)		41993860.65
1.27		8.18			30.19		(451.41, 172.07)		39746058.48
1.29		7.66			28.90		(451.80, 172.36)		37230958.56
1.31		7.06			28.35		(452.20, 172.66)		34344865.98
1.32		6.43			30.85		(452.59, 172.95)		31275923.26
1.34		5.79			29.70		(452.99, 173.24)		28149423.76
1.36		5.16			29.68		(453.39, 173.53)		25092696.80
1.37		4.58			30.81		(453.79, 173.82)		22277296.77
1.39		4.10			28.72		(454.20, 174.12)		19927273.41
1.41		3.77			29.91		(454.60, 174.41)		18348658.14
1.42		3.68			29.88		(455.00, 174.70)		17889883.47
1.44		3.87			29.89		(455.41, 174.99)		18804616.45
1.46		4.34			30.10		(455.82, 175.28)		21084028.97
1.47		5.05			30.09		(456.22, 175.57)		24553103.68
1.49		5.96			30.16		(456.63, 175.87)		28988286.00
1.51		7.04			30.22		(457.04, 176.16)		34202181.20
1.52		8.24			29.59		(457.45, 176.46)		40049945.40
1.54		9.54			31.11		(457.86, 176.76)		46378575.39
1.56		10.91			30.47		(458.27, 177.06)		53014200.42
1.57		12.28			31.94		(458.67, 177.37)		59691455.55
1.59		13.60			29.34		(459.08, 177.67)		66115715.23
1.61		14.79			30.70		(459.49, 177.99)		71874878.57
1.62		15.75			30.81		(459.89, 178.30)		76546280.02
1.64		16.40			30.63		(460.29, 178.62)		79733835.84
1.66		16.70			30.73		(460.69, 178.94)		81169375.13
1.67		16.62			30.72		(461.08, 179.27)		80771006.49
1.69		16.18			30.57		(461.47, 179.60)		78674245.93
1.71		15.46			30.51		(461.86, 179.93)		75175789.43
1.72		14.54			30.35		(462.24, 180.26)		70677370.25
1.74		13.49			29.69		(462.62, 180.59)		65580990.71
1.76		12.38			30.63		(462.99, 180.93)		60205205.50
1.77		11.28			29.98		(463.36, 181.26)		54858086.35
1.79		10.22			29.74		(463.73, 181.59)		49703437.69
1.81		9.23			29.68		(464.09, 181.93)		44861528.42
1.82		8.31			30.15		(464.46, 182.26)		40386893.30
1.84		7.46			28.88		(464.82, 182.60)		36288521.49
1.86		6.70			29.35		(465.18, 182.93)		32546616.74
1.87		6.00			29.35		(465.53, 183.26)		29174477.59
1.89		5.37			29.15		(465.89, 183.59)		26129135.61
1.91		4.81			28.92		(466.24, 183.92)		23379016.20
1.92		4.30			29.12		(466.59, 184.26)		20904490.94
1.94		3.84			28.87		(466.94, 184.59)		18648963.09
1.96		3.42			28.84		(467.29, 184.92)		16606511.71
1.97		3.03			28.28		(467.64, 185.24)		14734491.75
1.99		2.68			29.41		(467.99, 185.57)		13038433.06
2.01		2.36			28.62		(468.34, 185.90)		11493937.88
2.02		2.08			28.68		(468.69, 186.23)		10090148.54
2.04		1.81			28.71		(469.04, 186.56)		8820950.68
2.06		1.58			28.62		(469.38, 186.88)		7686003.46
2.07		1.38			28.59		(469.73, 187.21)		6692220.01
2.09		1.20			28.56		(470.08, 187.54)		5855565.04
2.11		1.07			28.55		(470.42, 187.86)		5200777.37
2.12		0.98			28.52		(470.77, 188.19)		4762356.04
2.14		0.94			28.43		(471.11, 188.51)		4565514.29
2.16		0.95			28.53		(471.46, 188.84)		4614874.30
2.17		1.00			28.56		(471.81, 189.17)		4881018.60
2.19		1.09			27.80		(472.15, 189.49)		5316316.12
2.21		1.21			29.18		(472.50, 189.81)		5873419.52
2.22		1.34			28.51		(472.85, 190.14)		6499572.87
2.24		1.48			28.46		(473.19, 190.46)		7177209.09
2.26		1.63			28.56		(473.54, 190.79)		7912102.59
2.27		1.78			28.47		(473.89, 191.11)		8672993.61
2.29		1.94			28.56		(474.24, 191.43)		9451340.47
2.31		2.11			28.57		(474.59, 191.76)		10242625.84
2.32		2.27			28.54		(474.94, 192.08)		11039017.89
2.34		2.44			28.58		(475.29, 192.40)		11837878.39
2.36		2.60			28.64		(475.64, 192.73)		12635117.94
2.37		2.76			28.59		(475.99, 193.05)		13428864.26
2.39		2.92			28.55		(476.34, 193.37)		14210077.48
2.41		3.08			28.24		(476.70, 193.69)		14977193.47
2.42		3.23			29.12		(477.05, 194.01)		15722643.45
2.44		3.38			28.75		(477.40, 194.33)		16431824.67
2.46		3.52			28.72		(477.76, 194.66)		17113744.98
2.47		3.66			30.48		(478.11, 194.98)		17796459.27
2.49		3.78			27.20		(478.47, 195.29)		18394942.68
2.51		3.89			28.77		(478.83, 195.61)		18915870.10
2.52		3.98			28.71		(479.19, 195.93)		19362421.66
2.54		4.06			28.85		(479.55, 196.25)		19722561.93
2.56		4.11			28.73		(479.91, 196.57)		19988850.61
2.57		4.15			28.88		(480.27, 196.88)		20175389.53
2.59		4.16			28.74		(480.63, 197.20)		20224850.44
2.61		4.15			28.85		(481.00, 197.51)		20156100.12
2.62		4.11			28.89		(481.36, 197.83)		19966252.13
2.64		4.04			28.54		(481.72, 198.14)		19653904.42
2.66		3.96			29.09		(482.09, 198.45)		19227004.45
2.67		3.85			28.74		(482.45, 198.76)		18693734.38
2.69		3.72			28.80		(482.82, 199.07)		18065042.63
2.71		3.57			29.37		(483.19, 199.38)		17355501.60
2.72		3.41			28.23		(483.55, 199.69)		16576579.33
2.74		3.24			28.76		(483.92, 200.00)		15744674.09
2.76		3.06			28.76		(484.29, 200.30)		14853016.07
2.77		2.87			28.63		(484.66, 200.61)		13955322.87
2.79		2.68			28.69		(485.03, 200.91)		13046445.85
2.81		2.47			28.66		(485.40, 201.22)		12020765.16
2.82		2.29			28.68		(485.76, 201.52)		11117301.86
2.84		2.10			28.62		(486.13, 201.82)		10229678.58
2.86		1.93			27.91		(486.50, 202.13)		9360656.64
2.87		1.75			29.06		(486.87, 202.43)		8522865.49
2.89		1.59			28.87		(487.24, 202.73)		7708810.49
2.91		1.43			28.52		(487.61, 203.03)		6934326.75
2.92		1.27			28.59		(487.98, 203.33)		6181039.11
2.94		1.15			28.55		(488.35, 203.63)		5571237.24
2.96		1.00			28.66		(488.72, 203.93)		4876003.90
2.97		0.87			28.40		(489.08, 204.23)		4209124.91
2.99		0.73			28.55		(489.45, 204.53)		3570484.12
3.01		0.61			28.50		(489.82, 204.83)		2959780.36
3.02		0.49			28.49		(490.19, 205.13)		2374748.09
3.04		0.37			28.48		(490.56, 205.43)		1813216.18
3.06		0.26			28.41		(490.93, 205.73)		1276416.22
3.07		0.15			28.28		(491.30, 206.02)		747486.45
3.09		0.06			28.60		(491.67, 206.32)		296620.04
3.11		0.07			28.63		(492.04, 206.62)		323875.37
3.12		0.15			28.44		(492.40, 206.92)		744819.63
3.14		0.24			28.49		(492.77, 207.22)		1178827.71
3.16		0.33			28.42		(493.14, 207.52)		1603232.68
3.17		0.41			28.28		(493.51, 207.82)		2015217.15
3.19		0.50			28.28		(493.88, 208.11)		2415203.06
3.21		0.58			28.87		(494.25, 208.41)		2802812.71
3.22		0.65			28.58		(494.62, 208.71)		3178777.79
3.24		0.73			28.41		(494.99, 209.01)		3544127.02
3.26		0.80			28.50		(495.36, 209.31)		3898044.75
3.27		0.87			28.56		(495.72, 209.61)		4241159.80
3.29		0.94			28.52		(496.09, 209.91)		4572778.18
3.31		1.01			27.98		(496.46, 210.21)		4896403.16
3.32		1.07			29.24		(496.83, 210.51)		5211245.23
3.34		1.13			28.52		(497.20, 210.81)		5515867.40
3.36		1.20			28.56		(497.57, 211.11)		5811547.27
3.37		1.25			28.63		(497.94, 211.42)		6083040.21
3.39		1.31			28.65		(498.31, 211.72)		6358246.61
3.41		1.36			28.61		(498.68, 212.02)		6623664.05
3.42		1.43			28.69		(499.05, 212.32)		6950837.08
3.44		1.48			28.69		(499.42, 212.63)		7208075.21
3.46		1.53			28.72		(499.79, 212.93)		7452237.39
3.47		1.58			28.71		(500.16, 213.23)		7686616.55
3.49		1.63			28.73		(500.53, 213.54)		7908347.39
3.51		1.67			30.23		(500.90, 213.84)		8116950.02
3.52		1.71			27.03		(501.27, 214.15)		8298707.13
3.54		1.75			29.09		(501.64, 214.45)		8497326.71
3.56		1.78			29.00		(502.01, 214.76)		8667753.99
3.57		1.81			30.18		(502.38, 215.06)		8822743.15
3.59		1.86			27.69		(502.75, 215.37)		9046451.83
3.61		1.89			28.82		(503.12, 215.68)		9168817.13
3.62		1.91			30.38		(503.49, 215.99)		9276281.28
3.64		1.92			27.64		(503.86, 216.29)		9357551.56
3.66		1.93			29.00		(504.23, 216.60)		9378009.06
3.67		1.94			28.99		(504.61, 216.91)		9408126.30
3.69		1.94			29.04		(504.98, 217.22)		9415444.17
3.71		1.93			29.03		(505.35, 217.53)		9395427.79
3.72		1.92			30.04		(505.72, 217.84)		9349392.82
3.74		1.91			27.78		(506.09, 218.16)		9274947.77
3.76		1.89			29.71		(506.46, 218.47)		9171870.59
3.77		1.86			29.12		(506.84, 218.78)		9038601.55
3.79		1.82			29.20		(507.21, 219.09)		8864735.13
3.81		1.78			29.20		(507.58, 219.41)		8672964.18
3.82		1.74			29.24		(507.95, 219.72)		8447098.63
3.84		1.68			29.20		(508.33, 220.04)		8189674.32
3.86		1.63			29.25		(508.70, 220.35)		7900405.71
3.87		1.56			29.32		(509.07, 220.67)		7579710.51
3.89		1.49			29.34		(509.44, 220.98)		7228823.68
3.91		1.41			29.29		(509.82, 221.30)		6847944.51
3.92		1.33			29.33		(510.19, 221.62)		6442986.07
3.94		1.24			29.44		(510.56, 221.93)		6003870.79
3.96		1.14			29.38		(510.94, 222.25)		5555717.93
3.97		1.04			28.82		(511.31, 222.57)		5079888.58
3.99		0.94			30.03		(511.68, 222.89)		4584035.28
4.01		0.84			29.33		(512.05, 223.20)		4082923.18
4.02		0.74			29.45		(512.43, 223.52)		3581161.46
4.04		0.67			29.44		(512.80, 223.84)		3265305.10
4.06		0.57			29.49		(513.17, 224.16)		2787935.92
4.07		0.49			29.46		(513.55, 224.48)		2359699.93
4.09		0.39			30.97		(513.92, 224.80)		1886610.19
4.11		0.35			28.18		(514.29, 225.12)		1720198.96
4.12		0.36			29.44		(514.67, 225.44)		1726609.13
4.14		0.39			29.49		(515.04, 225.76)		1882531.68
4.16		0.45			29.45		(515.42, 226.08)		2186230.87
4.17		0.52			29.55		(515.79, 226.39)		2520472.91
4.19		0.58			28.78		(516.16, 226.71)		2808297.93
4.21		0.65			31.76		(516.54, 227.03)		3166781.51
4.22		0.71			28.10		(516.91, 227.35)		3463498.09
4.24		0.78			30.77		(517.29, 227.67)		3770534.77
4.26		0.85			28.40		(517.66, 227.99)		4124492.96
4.27		0.90			29.50		(518.04, 228.31)		4385427.61
4.29		0.95			29.52		(518.41, 228.62)		4624207.68
4.31		0.99			29.49		(518.79, 228.94)		4819414.57
4.32		1.02			29.48		(519.16, 229.26)		4970647.66
4.34		1.05			29.47		(519.54, 229.58)		5108214.15
4.36		1.07			29.45		(519.91, 229.89)		5210843.34
4.37		1.09			29.52		(520.29, 230.21)		5286932.77
4.39		1.10			29.49		(520.66, 230.53)		5336401.67
4.41		1.10			28.81		(521.04, 230.84)		5367784.46
4.42		1.11			30.13		(521.42, 231.16)		5384213.52
4.44		1.11			29.48		(521.79, 231.47)		5384974.39
4.46		1.11			29.49		(522.17, 231.79)		5376710.56
4.47		1.10			29.42		(522.54, 232.11)		5352603.90
4.49		1.10			29.45		(522.92, 232.42)		5332105.53
4.51		1.09			29.46		(523.30, 232.73)		5322747.73
4.52		1.09			29.43		(523.67, 233.05)		5312899.76
4.54		1.09			29.46		(524.05, 233.36)		5291597.02
4.56		1.09			29.42		(524.43, 233.68)		5305967.90
4.57		1.10			29.44		(524.81, 233.99)		5336405.87
4.59		1.10			29.45		(525.18, 234.30)		5360767.55
4.61		1.12			29.54		(525.56, 234.62)		5443298.60
4.62		1.14			29.49		(525.94, 234.93)		5560412.88
4.64		1.18			28.91		(526.32, 235.24)		5722781.59
4.66		1.22			30.04		(526.70, 235.56)		5941061.66
4.67		1.28			29.41		(527.08, 235.87)		6230257.90
4.69		1.36			29.51		(527.46, 236.18)		6599694.38
4.71		1.46			29.45		(527.84, 236.49)		7076522.04
4.72		1.58			29.35		(528.22, 236.80)		7664398.44
4.74		1.73			29.73		(528.60, 237.12)		8420342.82
4.76		1.92			29.53		(528.98, 237.43)		9351624.32
4.77		2.16			29.47		(529.36, 237.74)		10520004.32
4.79		2.46			29.55		(529.74, 238.05)		11945755.67
4.81		2.82			29.60		(530.12, 238.36)		13685624.08
4.82		3.25			29.63		(530.51, 238.67)		15807349.96
4.84		3.77			29.62		(530.89, 238.98)		18337637.83
4.86		4.38			29.01		(531.28, 239.29)		21289097.57
4.87		5.06			30.42		(531.66, 239.60)		24599377.14
4.89		5.78			29.79		(532.05, 239.91)		28094354.54
4.91		6.47			29.83		(532.44, 240.22)		31440278.96
4.92		6.96			29.52		(532.81, 240.54)		33825067.73
4.94		7.08			29.48		(533.17, 240.88)		34433745.51
4.96		6.94			29.44		(533.52, 241.22)		33715304.74
4.97		6.57			29.43		(533.88, 241.55)		31928516.92
4.99		6.06			29.37		(534.24, 241.89)		29463359.86
5.01		5.50			29.31		(534.60, 242.22)		26746549.53
5.02		4.95			29.27		(534.95, 242.55)		24078935.57
5.04		4.45			29.11		(535.31, 242.88)		21639274.19
5.06		4.01			29.11		(535.67, 243.21)		19505671.72
5.07		3.64			30.79		(536.03, 243.54)		17681795.59
5.09		3.32			27.20		(536.38, 243.87)		16146512.80
5.11		3.06			29.39		(536.74, 244.19)		14860052.62
5.12		2.84			28.98		(537.10, 244.52)		13791717.39
5.14		2.65			29.04		(537.45, 244.84)		12901376.59
5.16		2.50			28.88		(537.81, 245.16)		12155510.65
5.17		2.37			28.75		(538.17, 245.49)		11534205.74
5.19		2.26			28.88		(538.52, 245.81)		11004822.53
5.21		2.17			28.75		(538.88, 246.13)		10554302.07
5.22		2.09			28.63		(539.23, 246.45)		10169811.69
5.24		2.02			28.78		(539.59, 246.77)		9833039.15
5.26		1.96			28.56		(539.94, 247.10)		9535040.12
5.27		1.90			28.71		(540.29, 247.42)		9220887.35
5.29		1.85			28.54		(540.65, 247.74)		8981999.53
5.31		1.80			27.88		(541.00, 248.05)		8763564.71
5.32		1.76			29.24		(541.35, 248.37)		8563411.97
5.34		1.72			28.48		(541.71, 248.69)		8375513.33
5.36		1.69			28.50		(542.06, 249.01)		8199279.21
5.37		1.65			28.46		(542.41, 249.33)		8030997.29
5.39		1.62			28.43		(542.76, 249.65)		7869652.02
5.41		1.59			28.39		(543.11, 249.96)		7734006.62
5.42		1.56			28.37		(543.46, 250.28)		7591913.81
5.44		1.53			28.34		(543.81, 250.60)		7441237.36
5.46		1.50			28.28		(544.16, 250.91)		7293409.73
5.47		1.47			28.32		(544.51, 251.23)		7154873.14
5.49		1.45			28.27		(544.86, 251.54)		7035303.06
5.51		1.42			28.29		(545.21, 251.86)		6891015.36
5.52		1.39			28.18		(545.56, 252.17)		6752227.70
5.54		1.36			27.54		(545.91, 252.49)		6613770.33
5.56		1.31			28.84		(546.26, 252.80)		6366282.63
5.57		1.28			28.18		(546.61, 253.12)		6224126.09
5.59		1.25			28.15		(546.96, 253.43)		6083038.21
5.61		1.22			28.58		(547.30, 253.75)		5940959.08
5.62		1.19			27.54		(547.65, 254.06)		5806343.15
5.64		1.17			28.10		(548.00, 254.37)		5671246.48
5.66		1.14			28.17		(548.35, 254.69)		5538338.49
5.67		1.11			27.92		(548.69, 255.00)		5406656.58
5.69		1.09			28.08		(549.04, 255.31)		5282476.04
5.71		1.06			28.03		(549.39, 255.62)		5154718.71
5.72		1.03			27.88		(549.73, 255.94)		5030413.86
5.74		1.01			28.05		(550.08, 256.25)		4909642.75
5.76		0.99			27.38		(550.43, 256.56)		4792764.57
5.77		0.96			28.45		(550.77, 256.87)		4680373.50
5.79		0.94			27.91		(551.12, 257.18)		4567545.64
5.81		0.92			27.88		(551.46, 257.49)		4459369.64
5.82		0.90			27.95		(551.81, 257.80)		4355982.91
5.84		0.91			27.88		(552.16, 258.11)		4415601.51
5.86		0.89			27.88		(552.50, 258.42)		4315612.07
5.87		0.87			27.97		(552.85, 258.73)		4216686.19
5.89		0.85			27.65		(553.19, 259.04)		4120683.57
5.91		0.83			27.78		(553.54, 259.35)		4016384.45
5.92		0.76			27.87		(553.88, 259.66)		3711561.19
5.94		0.75			28.67		(554.23, 259.97)		3627437.85
5.96		0.72			26.92		(554.57, 260.28)		3488923.60
5.97		0.70			27.50		(554.92, 260.59)		3415157.70
5.99		0.69			27.53		(555.26, 260.90)		3347372.26
6.01		0.68			28.26		(555.61, 261.21)		3281917.55
6.02		0.66			27.70		(555.95, 261.51)		3221754.12
6.04		0.65			27.77		(556.30, 261.82)		3165508.35
6.06		0.64			27.77		(556.64, 262.13)		3113457.99
6.07		0.63			27.65		(556.98, 262.44)		3064374.64
6.09		0.62			27.75		(557.33, 262.74)		3007233.28
6.11		0.61			27.72		(557.67, 263.05)		2973202.65
6.12		0.61			27.75		(558.02, 263.36)		2943776.12
6.14		0.60			27.63		(558.36, 263.67)		2914386.68
6.16		0.60			27.70		(558.71, 263.97)		2896692.13
6.17		0.59			27.69		(559.05, 264.28)		2872943.79
6.19		0.59			27.68		(559.40, 264.59)		2868289.84
6.21		0.59			26.97		(559.74, 264.89)		2862757.69
6.22		0.59			28.39		(560.09, 265.20)		2868630.33
6.24		0.59			27.66		(560.43, 265.50)		2883300.53
6.26		0.59			27.68		(560.78, 265.81)		2890602.13
6.27		0.60			27.68		(561.12, 266.12)		2913981.99
6.29		0.59			27.51		(561.47, 266.42)		2889990.10
6.31		0.60			27.75		(561.81, 266.73)		2917570.90
6.32		0.61			27.64		(562.16, 267.03)		2950816.45
6.34		0.62			28.98		(562.50, 267.34)		2990162.57
6.36		0.62			26.50		(562.85, 267.64)		3035223.30
6.37		0.63			27.68		(563.20, 267.95)		3086889.04
6.39		0.65			27.64		(563.54, 268.25)		3137768.66
6.41		0.66			27.64		(563.89, 268.56)		3195279.05
6.42		0.67			27.49		(564.23, 268.86)		3270645.72
6.44		0.69			27.85		(564.58, 269.16)		3340098.67
6.46		0.70			27.69		(564.93, 269.47)		3416951.12
6.47		0.72			27.61		(565.27, 269.77)		3495069.58
6.49		0.73			27.70		(565.62, 270.08)		3572084.30
6.51		0.75			27.62		(565.97, 270.38)		3656359.60
6.52		0.77			27.67		(566.31, 270.68)		3740769.59
6.54		0.79			27.64		(566.66, 270.99)		3820671.53
6.56		0.81			27.71		(567.01, 271.29)		3928661.52
6.57		0.83			27.70		(567.35, 271.59)		4011692.09
6.59		0.84			27.60		(567.70, 271.90)		4098202.00
6.61		0.86			27.73		(568.05, 272.20)		4187198.78
6.62		0.88			27.74		(568.40, 272.50)		4274211.93
6.64		0.88			27.64		(568.75, 272.81)		4290448.74
6.66		0.90			27.05		(569.10, 273.11)		4388843.82
6.67		0.92			28.44		(569.44, 273.41)		4483454.81
6.69		0.95			27.71		(569.79, 273.71)		4625757.86
6.71		0.96			27.68		(570.14, 274.02)		4685201.00
6.72		0.98			27.74		(570.49, 274.32)		4747730.80
6.74		1.00			27.79		(570.84, 274.62)		4874683.44
6.76		1.02			27.73		(571.19, 274.92)		4977773.06
6.77		1.04			27.73		(571.54, 275.23)		5059920.87
6.79		1.06			27.76		(571.89, 275.53)		5168886.54
6.81		1.09			27.77		(572.24, 275.83)		5282326.90
6.82		1.11			27.78		(572.59, 276.13)		5412323.96
6.84		1.14			27.79		(572.95, 276.43)		5525413.27
6.86		1.16			27.80		(573.30, 276.74)		5636563.44
6.87		1.18			27.21		(573.65, 277.04)		5753804.73
6.89		1.21			28.43		(574.00, 277.34)		5865617.47
6.91		1.23			27.86		(574.36, 277.64)		5982978.53
6.92		1.26			27.81		(574.71, 277.94)		6100983.64
6.94		1.27			27.87		(575.06, 278.24)		6185839.49
6.96		1.30			27.86		(575.42, 278.54)		6304543.34
6.97		1.32			27.87		(575.77, 278.84)		6426343.41
6.99		1.35			27.96		(576.12, 279.14)		6546696.46
7.01		1.37			27.84		(576.48, 279.45)		6666506.01
7.02		1.40			27.93		(576.83, 279.75)		6786542.92
7.04		1.42			27.92		(577.19, 280.05)		6906182.79
7.06		1.45			27.99		(577.54, 280.35)		7026943.48
7.07		1.47			27.92		(577.90, 280.65)		7129474.59
7.09		1.49			27.97		(578.26, 280.95)		7253655.06
7.11		1.52			27.21		(578.61, 281.25)		7370168.52
7.12		1.54			28.82		(578.97, 281.55)		7489473.37
7.14		1.57			28.01		(579.33, 281.85)		7609225.58
7.16		1.59			28.02		(579.69, 282.15)		7706176.80
7.17		1.61			28.05		(580.05, 282.45)		7821331.09
7.19		1.63			28.09		(580.41, 282.75)		7932312.23
7.21		1.65			28.12		(580.77, 283.05)		8024852.60
7.22		1.67			28.10		(581.13, 283.35)		8137429.71
7.24		1.70			28.05		(581.49, 283.64)		8269515.68
7.26		1.72			28.13		(581.85, 283.94)		8382909.13
7.27		1.74			28.14		(582.21, 284.24)		8481833.59
7.29		1.77			28.16		(582.57, 284.54)		8583685.40
7.31		1.79			28.19		(582.93, 284.84)		8680816.65
7.32		1.81			27.44		(583.30, 285.14)		8778848.44
7.34		1.83			29.01		(583.66, 285.44)		8871884.39
7.36		1.84			28.22		(584.02, 285.74)		8964533.42
7.37		1.86			28.25		(584.39, 286.03)		9026810.31
7.39		1.87			28.30		(584.75, 286.33)		9105910.34
7.41		1.89			28.29		(585.12, 286.63)		9181526.26
7.42		1.90			28.31		(585.48, 286.93)		9241960.31
7.44		1.92			28.33		(585.85, 287.23)		9310593.92
7.46		1.91			28.34		(586.22, 287.52)		9297599.92
7.47		1.93			28.36		(586.58, 287.82)		9366417.70
7.49		1.94			28.43		(586.95, 288.12)		9426966.51
7.51		1.95			28.32		(587.32, 288.42)		9467970.16
7.52		1.96			28.46		(587.69, 288.71)		9544202.15
7.54		1.97			28.96		(588.06, 289.01)		9583769.70
7.56		1.98			27.23		(588.43, 289.31)		9635066.09
7.57		2.00			29.23		(588.80, 289.60)		9738846.61
7.59		2.01			28.52		(589.17, 289.90)		9784213.73
7.61		2.03			28.53		(589.54, 290.20)		9858789.37
7.62		2.02			28.53		(589.91, 290.49)		9825250.79
7.64		2.00			28.56		(590.29, 290.79)		9702622.87
7.66		2.00			28.63		(590.66, 291.08)		9708676.19
7.67		2.00			28.59		(591.03, 291.38)		9710359.02
7.69		2.00			28.55		(591.41, 291.68)		9713601.24
7.71		2.00			28.68		(591.78, 291.97)		9715024.94
7.72		2.00			28.57		(592.16, 292.27)		9704142.24
7.74		1.99			28.67		(592.53, 292.56)		9650604.19
7.76		1.98			28.76		(592.91, 292.86)		9643971.47
7.77		1.98			28.20		(593.29, 293.15)		9621706.96
7.79		1.97			29.21		(593.66, 293.45)		9592687.43
7.81		1.97			28.82		(594.04, 293.74)		9563277.51
7.82		1.96			28.77		(594.42, 294.03)		9509147.11
7.84		1.95			28.73		(594.80, 294.33)		9479138.69
7.86		1.94			28.80		(595.18, 294.62)		9428779.80
7.87		1.94			30.54		(595.56, 294.92)		9413062.72
7.89		1.93			27.37		(595.94, 295.21)		9388029.85
7.91		1.93			28.78		(596.32, 295.50)		9364777.40
7.92		1.92			28.96		(596.70, 295.80)		9348056.14
7.94		1.92			30.42		(597.09, 296.09)		9335622.09
7.96		1.92			27.59		(597.47, 296.38)		9331299.96
7.97		1.92			30.47		(597.85, 296.68)		9332065.04
7.99		1.92			27.03		(598.23, 296.97)		9344923.41
8.01		1.93			29.66		(598.62, 297.27)		9367342.44
8.02		1.93			28.99		(599.00, 297.56)		9405778.08
8.04		1.95			29.10		(599.39, 297.85)		9459831.34
8.06		1.96			29.08		(599.78, 298.15)		9529213.55
8.07		1.98			29.12		(600.16, 298.44)		9611455.50
8.09		2.00			29.14		(600.55, 298.73)		9726422.67
8.11		2.03			29.16		(600.94, 299.03)		9862304.64
8.12		2.06			30.12		(601.32, 299.32)		10035056.42
8.14		2.12			28.34		(601.71, 299.61)		10291760.77
8.16		2.17			29.29		(602.10, 299.91)		10529970.30
8.17		2.22			29.35		(602.49, 300.20)		10790869.24
8.19		2.28			29.27		(602.88, 300.49)		11084449.78
8.21		2.35			28.55		(603.27, 300.79)		11420584.41
8.22		2.43			30.26		(603.67, 301.08)		11790231.28
8.24		2.51			29.43		(604.06, 301.38)		12217748.48
8.26		2.61			30.66		(604.45, 301.67)		12682411.01
8.27		2.72			28.47		(604.84, 301.97)		13219600.70
8.29		2.84			29.46		(605.24, 302.26)		13808238.63
8.31		2.97			29.68		(605.63, 302.56)		14456438.52
8.32		3.12			31.25		(606.03, 302.85)		15172196.06
8.34		3.29			28.25		(606.43, 303.15)		15977544.08
8.36		3.47			29.85		(606.82, 303.45)		16851367.46
8.37		3.67			29.76		(607.22, 303.74)		17823230.26
8.39		3.89			29.93		(607.62, 304.04)		18896677.66
8.41		4.13			29.87		(608.02, 304.34)		20086929.15
8.42		4.41			31.08		(608.42, 304.64)		21419584.72
8.44		4.71			29.06		(608.83, 304.94)		22893237.78
8.46		5.05			30.15		(609.23, 305.23)		24531548.11
8.47		5.43			30.24		(609.64, 305.53)		26382942.95
8.49		5.85			30.30		(610.04, 305.83)		28448381.74
8.51		6.33			30.37		(610.45, 306.13)		30754695.38
8.52		6.85			30.51		(610.86, 306.43)		33304882.96
8.54		7.43			31.89		(611.27, 306.73)		36103309.54
8.56		8.04			29.50		(611.69, 307.04)		39079400.71
8.57		8.69			32.55		(612.10, 307.34)		42228583.00
8.59		9.34			29.36		(612.52, 307.64)		45407480.91
8.61		9.97			30.96		(612.94, 307.94)		48463712.24
8.62		10.55			31.09		(613.37, 308.23)		51288532.97
8.64		11.08			30.67		(613.79, 308.53)		53880540.18
8.66		11.62			31.94		(614.22, 308.83)		56508037.47
8.67		12.27			31.49		(614.66, 309.12)		59663046.76
8.69		13.16			31.45		(615.09, 309.42)		63985064.63
8.71		14.44			31.63		(615.53, 309.71)		70187859.26
8.72		16.18			31.69		(615.97, 310.00)		78640077.94
8.74		18.40			31.91		(616.42, 310.29)		89468052.72
8.76		20.00			29.23		(616.79, 310.61)		97229997.86
8.77		20.41			27.65		(617.08, 310.97)		99229455.45
8.79		20.11			27.57		(617.33, 311.35)		97747403.90
8.81		19.61			27.46		(617.58, 311.73)		95343087.40
8.82		18.88			27.40		(617.84, 312.11)		91781817.18
8.84		17.95			27.26		(618.11, 312.48)		87259072.80
8.86		16.92			26.45		(618.37, 312.84)		82232180.56
8.87		15.85			27.78		(618.64, 313.20)		77050314.51
8.89		14.82			26.79		(618.91, 313.56)		72051871.47
8.91		13.87			26.65		(619.17, 313.92)		67443421.91
8.92		13.01			26.53		(619.44, 314.27)		63262908.03
8.94		12.24			28.01		(619.71, 314.61)		59509657.88
8.96		11.56			24.71		(619.98, 314.96)		56197199.18
8.97		10.95			26.02		(620.25, 315.30)		53223744.06
8.99		10.40			25.86		(620.52, 315.63)		50548934.14
9.01		9.91			25.68		(620.79, 315.97)		48166734.44
9.02		9.47			25.57		(621.05, 316.30)		46058640.39
9.04		9.09			25.38		(621.32, 316.63)		44170353.82
9.06		8.74			25.27		(621.59, 316.96)		42476314.55
9.07		8.44			25.44		(621.85, 317.28)		41024612.56
9.09		8.16			25.15		(622.11, 317.60)		39650345.95
9.11		7.90			24.36		(622.38, 317.92)		38395012.97
9.12		7.66			24.77		(622.64, 318.24)		37238041.98
9.14		7.44			25.74		(622.90, 318.56)		36163106.91
9.16		7.23			23.40		(623.15, 318.88)		35163207.45
9.17		7.04			24.38		(623.41, 319.19)		34224065.16
9.19		6.85			24.18		(623.67, 319.50)		33320691.78
9.21		6.69			24.08		(623.92, 319.81)		32500611.39
9.22		6.52			24.04		(624.18, 320.12)		31707246.55
9.24		6.36			23.84		(624.43, 320.43)		30935622.35
9.26		6.21			23.82		(624.68, 320.74)		30195115.75
9.27		6.06			23.66		(624.93, 321.04)		29478392.15
9.29		5.92			23.57		(625.18, 321.35)		28790082.35
9.31		5.79			22.76		(625.42, 321.65)		28126060.82
9.32		5.65			24.11		(625.67, 321.95)		27488669.50
9.34		5.53			23.36		(625.91, 322.25)		26875227.69
9.36		5.40			23.16		(626.16, 322.55)		26270976.57
9.37		5.29			23.11		(626.40, 322.85)		25714787.94
9.39		5.18			23.03		(626.64, 323.15)		25164218.75
9.41		5.07			22.94		(626.88, 323.45)		24635221.99
9.42		4.96			22.85		(627.12, 323.75)		24129179.73
9.44		4.86			22.79		(627.36, 324.04)		23640552.89
9.46		4.77			22.71		(627.60, 324.34)		23167062.06
9.47		4.67			23.45		(627.83, 324.63)		22718891.80
9.49		4.59			21.78		(628.07, 324.92)		22291096.83
9.51		4.50			22.51		(628.30, 325.22)		21882652.69
9.52		4.42			21.74		(628.54, 325.51)		21490872.21
9.54		4.34			23.90		(628.77, 325.80)		21120323.50
9.56		4.27			21.47		(629.00, 326.09)		20763576.57
9.57		4.20			22.19		(629.23, 326.38)		20422486.77
9.59		4.13			22.10		(629.46, 326.67)		20096086.87
9.61		4.07			22.12		(629.68, 326.96)		19783500.97
9.62		4.01			21.97		(629.91, 327.24)		19484311.15
9.64		3.95			21.94		(630.14, 327.53)		19198231.81
9.66		3.89			21.92		(630.36, 327.82)		18916547.26
9.67		3.84			23.21		(630.59, 328.10)		18652371.89
9.69		3.79			20.49		(630.81, 328.39)		18401291.51
9.71		3.74			22.62		(631.03, 328.68)		18157685.84
9.72		3.69			20.83		(631.25, 328.96)		17925182.40
9.74		3.64			21.54		(631.47, 329.24)		17698135.15
9.76		3.60			20.96		(631.69, 329.53)		17477883.78
9.77		3.55			22.02		(631.91, 329.81)		17264508.86
9.79		3.51			21.45		(632.13, 330.09)		17056412.73
9.81		3.46			21.37		(632.35, 330.38)		16843291.65
9.82		3.42			21.34		(632.56, 330.66)		16646179.43
9.84		3.39			21.25		(632.78, 330.94)		16457121.11
9.86		3.35			21.19		(632.99, 331.22)		16272144.46
9.87		3.31			21.16		(633.21, 331.50)		16094525.54
9.89		3.28			21.11		(633.42, 331.78)		15921504.92
9.91		3.24			22.30		(633.63, 332.06)		15766939.88
9.92		3.19			19.89		(633.84, 332.34)		15525557.13
9.94		3.16			21.02		(634.05, 332.62)		15366651.31
9.96		3.13			20.92		(634.26, 332.90)		15212993.68
9.97		3.10			20.51		(634.47, 333.18)		15064791.02
9.99		3.07			21.20		(634.68, 333.45)		14922300.91
10.01		3.04			20.81		(634.89, 333.73)		14780785.38
10.02		3.01			20.72		(635.10, 334.01)		14643997.92
10.04		2.99			20.69		(635.30, 334.29)		14511908.75
10.06		2.96			20.46		(635.51, 334.56)		14382601.46
10.07		2.93			20.74		(635.71, 334.84)		14257529.11
10.09		2.91			20.59		(635.91, 335.11)		14135791.02
10.11		2.88			20.61		(636.12, 335.39)		14017678.59
10.12		2.86			20.42		(636.32, 335.67)		13904503.98
10.14		2.84			20.46		(636.52, 335.94)		13790865.05
10.16		2.81			20.42		(636.72, 336.22)		13668975.98
10.17		2.79			20.71		(636.92, 336.49)		13556918.41
10.19		2.77			20.07		(637.12, 336.76)		13465986.83
10.21		2.75			19.89		(637.32, 337.04)		13358508.34
10.22		2.73			20.67		(637.51, 337.31)		13259127.75
10.24		2.71			20.18		(637.71, 337.59)		13158312.79
10.26		2.69			20.16		(637.91, 337.86)		13063419.12
10.27		2.67			20.16		(638.10, 338.13)		12968638.97
10.29		2.65			20.16		(638.30, 338.41)		12875463.23
10.31		2.63			20.08		(638.49, 338.68)		12791677.50
10.32		2.61			20.00		(638.68, 338.95)		12700404.25
10.34		2.59			20.02		(638.88, 339.22)		12605203.36
10.36		2.57			19.96		(639.07, 339.49)		12513657.02
10.37		2.56			19.92		(639.26, 339.77)		12422503.42
10.39		2.54			19.92		(639.45, 340.04)		12331776.07
10.41		2.52			19.85		(639.64, 340.31)		12240667.99
10.42		2.50			19.51		(639.83, 340.58)		12147008.27
10.44		2.48			20.21		(640.02, 340.85)		12045167.45
10.46		2.46			19.72		(640.21, 341.12)		11972646.23
10.47		2.44			19.76		(640.39, 341.39)		11878195.34
10.49		2.42			19.78		(640.58, 341.66)		11766069.34
10.51		2.40			19.63		(640.77, 341.93)		11669744.46
10.52		2.38			20.36		(640.95, 342.20)		11572175.13
10.54		2.36			18.97		(641.14, 342.47)		11471083.73
10.56		2.34			19.50		(641.32, 342.74)		11378460.06
10.57		2.32			19.50		(641.50, 343.01)		11272165.30
10.59		2.30			19.70		(641.68, 343.28)		11162720.26
10.61		2.27			19.55		(641.87, 343.55)		11029682.92
10.62		2.25			19.52		(642.05, 343.82)		10932492.30
10.64		2.22			19.62		(642.23, 344.09)		10811721.43
10.66		2.20			19.29		(642.41, 344.36)		10688236.95
10.67		2.17			19.36		(642.59, 344.63)		10553983.94
10.69		2.14			19.47		(642.77, 344.90)		10417686.01
10.71		2.11			20.18		(642.95, 345.17)		10269338.91
10.72		2.08			18.54		(643.12, 345.44)		10117178.63
10.74		2.05			19.36		(643.30, 345.71)		9951975.89
10.76		2.01			19.25		(643.48, 345.98)		9782251.04
10.77		1.97			19.26		(643.65, 346.24)		9565366.90
10.79		1.93			19.30		(643.83, 346.51)		9371490.62
10.81		1.88			19.24		(644.00, 346.78)		9160942.46
10.82		1.84			19.22		(644.18, 347.05)		8921730.01
10.84		1.79			19.15		(644.35, 347.32)		8693613.25
10.86		1.73			18.70		(644.53, 347.59)		8425737.46
10.87		1.67			19.93		(644.70, 347.86)		8124458.56
10.89		1.61			18.91		(644.87, 348.12)		7822934.06
10.91		1.54			19.17		(645.04, 348.39)		7490243.22
10.92		1.47			19.05		(645.22, 348.66)		7126954.38
10.94		1.39			19.13		(645.39, 348.93)		6740210.31
10.96		1.30			19.11		(645.56, 349.20)		6322055.01
10.97		1.20			19.09		(645.73, 349.47)		5837234.36
10.99		1.09			19.96		(645.90, 349.73)		5291055.66
11.01		0.97			18.29		(646.07, 350.00)		4700615.80
11.02		0.83			19.03		(646.24, 350.27)		4037846.16
11.04		0.68			19.08		(646.41, 350.54)		3318363.13
11.06		0.53			19.03		(646.58, 350.81)		2555380.76
11.07		0.38			18.58		(646.75, 351.08)		1854775.92
11.09		0.33			19.56		(646.92, 351.35)		1583710.89
11.11		0.45			19.07		(647.09, 351.62)		2190667.45
11.12		0.71			19.08		(647.25, 351.88)		3472883.00
11.14		1.05			19.82		(647.42, 352.15)		5118249.91
11.16		1.46			18.37		(647.59, 352.42)		7102614.78
11.17		1.94			19.87		(647.76, 352.69)		9446913.21
11.19		2.51			18.53		(647.93, 352.96)		12179200.00
11.21		3.16			19.06		(648.11, 353.23)		15353872.89
11.22		3.91			19.21		(648.28, 353.50)		19016678.47
11.24		4.76			19.16		(648.45, 353.77)		23163644.14
11.26		5.72			19.22		(648.63, 354.04)		27809299.41
11.27		6.76			19.25		(648.80, 354.31)		32867825.36
11.29		7.32			18.54		(648.91, 354.61)		35582319.26
11.31		7.39			20.47		(648.97, 354.93)		35934180.47
11.32		7.32			19.84		(649.03, 355.26)		35590967.93
11.34		7.13			19.77		(649.09, 355.58)		34651848.00
11.36		6.84			19.67		(649.15, 355.90)		33267635.92
11.37		6.50			19.64		(649.21, 356.22)		31599860.32
11.39		6.13			19.36		(649.28, 356.54)		29796428.20
11.41		5.76			19.41		(649.34, 356.86)		27984990.92
11.42		5.40			19.27		(649.41, 357.17)		26230620.99
11.44		5.06			20.12		(649.47, 357.48)		24599189.36
11.46		4.76			18.32		(649.54, 357.80)		23134370.68
11.47		4.49			19.06		(649.60, 358.11)		21835747.75
11.49		4.26			19.40		(649.67, 358.42)		20720979.31
11.51		4.06			18.50		(649.73, 358.73)		19720109.26
11.52		3.88			18.90		(649.79, 359.03)		18855076.22
11.54		3.73			18.72		(649.86, 359.34)		18120736.27
11.56		3.60			18.73		(649.92, 359.65)		17478205.96
11.57		3.48			18.70		(649.98, 359.95)		16926869.90
11.59		3.39			18.59		(650.04, 360.26)		16459055.97
11.61		3.30			18.56		(650.10, 360.56)		16056742.19
11.62		3.23			18.53		(650.16, 360.86)		15706708.46
11.64		3.17			18.50		(650.22, 361.16)		15403948.15
11.66		3.12			18.46		(650.28, 361.47)		15144832.13
11.67		3.07			18.45		(650.33, 361.77)		14917840.88
11.69		3.03			18.35		(650.39, 362.07)		14721344.57
11.71		2.99			17.94		(650.45, 362.37)		14549268.00
11.72		2.96			18.75		(650.50, 362.67)		14402380.64
11.74		2.94			18.30		(650.56, 362.97)		14273545.92
11.76		2.91			18.33		(650.61, 363.27)		14153176.58
11.77		2.86			18.21		(650.66, 363.57)		13923577.79
11.79		2.85			18.23		(650.71, 363.87)		13847576.98
11.81		2.83			18.23		(650.77, 364.17)		13769531.51
11.82		2.82			18.19		(650.82, 364.47)		13707790.87
11.84		2.81			18.18		(650.86, 364.77)		13668480.91
11.86		2.80			18.15		(650.91, 365.07)		13634648.42
11.87		2.80			18.15		(650.96, 365.37)		13606924.75
11.89		2.79			18.14		(651.01, 365.66)		13579439.44
11.91		2.79			18.14		(651.06, 365.96)		13570951.45
11.92		2.79			17.64		(651.10, 366.26)		13565736.26
11.94		2.79			18.58		(651.15, 366.56)		13571970.25
11.96		2.80			18.11		(651.19, 366.86)		13592015.43
11.97		2.80			18.07		(651.23, 367.16)		13632224.64
11.99		2.81			18.11		(651.28, 367.45)		13663077.77
12.01		2.82			18.12		(651.32, 367.75)		13705621.62
12.02		2.83			18.04		(651.36, 368.05)		13748063.56
12.04		2.84			18.07		(651.40, 368.35)		13790001.65
12.06		2.85			18.06		(651.44, 368.65)		13843769.42
12.07		2.86			18.06		(651.48, 368.95)		13904919.35
12.09		2.88			18.12		(651.52, 369.25)		13985829.89
12.11		2.89			18.03		(651.55, 369.54)		14051244.28
12.12		2.90			17.62		(651.59, 369.84)		14088412.61
12.14		2.92			18.55		(651.62, 370.14)		14183729.28
12.16		2.94			18.08		(651.66, 370.44)		14282269.69
12.17		2.96			18.07		(651.69, 370.74)		14394599.80
12.19		2.98			18.06		(651.73, 371.04)		14506437.18
12.21		3.03			18.80		(651.76, 371.34)		14736651.11
12.22		3.06			17.44		(651.79, 371.64)		14873297.07
12.24		3.09			18.13		(651.82, 371.94)		15003378.37
12.26		3.12			18.10		(651.85, 372.24)		15145190.77
12.27		3.15			18.13		(651.88, 372.54)		15306560.36
12.29		3.18			18.10		(651.91, 372.84)		15463144.40
12.31		3.22			18.18		(651.94, 373.14)		15663200.84
12.32		3.26			17.66		(651.96, 373.44)		15838059.80
12.34		3.29			18.67		(651.99, 373.74)		16000159.37
12.36		3.33			18.15		(652.01, 374.05)		16192101.20
12.37		3.37			18.19		(652.04, 374.35)		16400965.68
12.39		3.42			18.18		(652.06, 374.65)		16620720.63
12.41		3.46			18.25		(652.08, 374.95)		16837083.09
12.42		3.51			18.23		(652.10, 375.26)		17060528.11
12.44		3.56			18.23		(652.12, 375.56)		17298263.61
12.46		3.61			18.29		(652.14, 375.87)		17535969.62
12.47		3.65			18.28		(652.16, 376.17)		17748108.91
12.49		3.70			18.31		(652.18, 376.47)		17992109.07
12.51		3.75			18.34		(652.19, 376.78)		18249187.87
12.52		3.81			18.36		(652.21, 377.08)		18519701.63
12.54		3.86			17.91		(652.22, 377.39)		18784400.91
12.56		3.92			19.71		(652.24, 377.70)		19063020.04
12.57		3.98			17.73		(652.25, 378.00)		19341608.00
12.59		4.04			18.47		(652.26, 378.31)		19622240.91
12.61		4.09			19.05		(652.27, 378.62)		19885158.77
12.62		4.15			17.96		(652.28, 378.93)		20152261.19
12.64		4.20			18.48		(652.29, 379.24)		20417481.28
12.66		4.25			18.58		(652.30, 379.55)		20659458.61
12.67		4.30			18.57		(652.31, 379.85)		20918374.41
12.69		4.36			18.62		(652.31, 380.17)		21175957.40
12.71		4.41			18.64		(652.32, 380.48)		21423649.65
12.72		4.46			18.70		(652.32, 380.79)		21662322.15
12.74		4.50			18.25		(652.32, 381.10)		21888317.06
12.76		4.54			19.21		(652.32, 381.41)		22048419.17
12.77		4.58			18.77		(652.32, 381.72)		22249652.97
12.79		4.61			18.80		(652.32, 382.04)		22424532.64
12.81		4.65			18.83		(652.32, 382.35)		22602610.32
12.82		4.68			18.85		(652.31, 382.67)		22745115.53
12.84		4.71			18.90		(652.31, 382.98)		22905276.96
12.86		4.73			18.92		(652.30, 383.30)		22983591.39
12.87		4.75			18.93		(652.29, 383.61)		23082765.39
12.89		4.76			19.00		(652.29, 383.93)		23149465.86
12.91		4.78			19.22		(652.28, 384.24)		23219701.12
12.92		4.79			18.85		(652.26, 384.56)		23267187.30
12.94		4.79			18.62		(652.25, 384.88)		23295059.63
12.96		4.79			19.59		(652.24, 385.20)		23299918.70
12.97		4.79			19.14		(652.22, 385.52)		23288250.39
12.99		4.78			19.21		(652.21, 385.84)		23237687.25
13.01		4.76			19.18		(652.19, 386.15)		23140576.28
13.02		4.74			19.22		(652.17, 386.47)		23029215.02
13.04		4.71			19.27		(652.15, 386.80)		22886071.75
13.06		4.68			19.29		(652.13, 387.12)		22743475.29
13.07		4.63			19.33		(652.11, 387.44)		22528728.00
13.09		4.59			19.35		(652.08, 387.76)		22318752.27
13.11		4.55			19.40		(652.06, 388.08)		22099905.98
13.12		4.50			19.42		(652.03, 388.40)		21863753.42
13.14		4.44			18.96		(652.01, 388.73)		21600799.61
13.16		4.39			20.44		(651.98, 389.05)		21319133.76
13.17		4.33			18.93		(651.95, 389.37)		21030351.53
13.19		4.26			19.74		(651.92, 389.70)		20688104.45
13.21		4.19			18.89		(651.89, 390.02)		20348699.29
13.22		4.11			20.10		(651.85, 390.35)		19959759.55
13.24		4.03			19.57		(651.82, 390.68)		19591091.21
13.26		3.96			20.12		(651.79, 391.00)		19274457.19
13.27		3.90			19.69		(651.75, 391.33)		18981910.63
13.29		3.86			19.78		(651.71, 391.66)		18769086.35
13.31		3.84			19.88		(651.68, 391.98)		18678859.47
13.32		3.87			19.84		(651.64, 392.31)		18810492.18
13.34		3.96			19.23		(651.60, 392.64)		19264946.25
13.36		4.15			20.73		(651.56, 392.97)		20180527.26
13.37		4.48			20.04		(651.52, 393.31)		21756779.89
13.39		4.99			20.14		(651.48, 393.64)		24272200.65
13.41		5.77			20.20		(651.44, 393.97)		28049663.96
13.42		6.87			20.30		(651.40, 394.31)		33421438.17
13.44		8.43			20.43		(651.36, 394.65)		40974623.96
13.46		10.29			18.85		(651.30, 394.95)		50003586.82
13.47		11.09			13.98		(651.13, 395.12)		53897052.65
13.49		10.87			14.81		(650.89, 395.17)		52825046.22
13.51		10.45			15.54		(650.63, 395.20)		50777267.54
13.52		10.07			15.52		(650.37, 395.24)		48938091.82
13.54		9.73			15.56		(650.12, 395.28)		47282764.72
13.56		9.42			15.11		(649.86, 395.32)		45812812.16
13.57		9.15			15.94		(649.61, 395.36)		44473599.83
13.59		8.91			15.62		(649.35, 395.41)		43320545.12
13.61		8.70			15.59		(649.10, 395.46)		42292535.42
13.62		8.50			15.59		(648.84, 395.51)		41340222.41
13.64		8.33			15.69		(648.58, 395.56)		40511202.42
13.66		8.18			15.66		(648.33, 395.62)		39789397.98
13.67		8.05			15.72		(648.07, 395.68)		39151239.01
13.69		7.93			15.80		(647.82, 395.74)		38573849.29
13.71		7.83			15.83		(647.56, 395.80)		38051833.82
13.72		7.73			15.88		(647.30, 395.87)		37594218.70
13.74		7.65			15.94		(647.05, 395.93)		37198277.41
13.76		7.58			15.61		(646.79, 396.00)		36872804.41
13.77		7.52			16.48		(646.53, 396.07)		36578663.38
13.79		7.47			17.02		(646.27, 396.14)		36315465.15
13.81		7.43			15.37		(646.01, 396.22)		36106198.16
13.82		7.39			16.26		(645.75, 396.30)		35930955.53
13.84		7.37			16.31		(645.49, 396.38)		35805382.66
13.86		7.35			16.40		(645.23, 396.46)		35707042.37
13.87		7.33			16.48		(644.97, 396.54)		35639815.03
13.89		7.33			16.56		(644.71, 396.62)		35609222.20
13.91		7.32			16.63		(644.45, 396.71)		35606620.11
13.92		7.33			16.63		(644.18, 396.80)		35626928.27
13.94		7.35			17.46		(643.92, 396.89)		35753972.36
13.96		7.37			16.09		(643.65, 396.98)		35824080.39
13.97		7.39			17.20		(643.38, 397.07)		35923719.91
13.99		7.42			17.10		(643.12, 397.17)		36056560.40
14.01		7.45			17.17		(642.85, 397.27)		36209369.00
14.02		7.48			17.27		(642.58, 397.37)		36353549.85
14.04		7.52			17.31		(642.31, 397.47)		36554515.26
14.06		7.57			17.43		(642.04, 397.57)		36793309.05
14.07		7.62			17.54		(641.76, 397.68)		37038304.20
14.09		7.68			17.64		(641.49, 397.78)		37342843.73
14.11		7.75			17.66		(641.21, 397.89)		37677258.18
14.12		7.82			17.95		(640.94, 398.00)		38036235.36
14.14		7.91			17.84		(640.66, 398.11)		38438716.59
14.16		7.99			17.96		(640.38, 398.23)		38854182.83
14.17		8.09			18.21		(640.10, 398.35)		39327203.99
14.19		8.20			18.26		(639.82, 398.46)		39842924.36
14.21		8.31			18.41		(639.54, 398.58)		40400762.40
14.22		8.43			18.44		(639.26, 398.70)		40987361.26
14.24		8.57			18.59		(638.98, 398.83)		41657678.33
14.26		8.71			18.57		(638.69, 398.95)		42357504.46
14.27		8.87			18.59		(638.40, 399.08)		43125070.86
14.29		9.04			19.23		(638.11, 399.21)		43945454.38
14.31		9.22			19.24		(637.83, 399.34)		44838487.71
14.32		9.42			19.20		(637.53, 399.48)		45800533.55
14.34		9.64			19.37		(637.24, 399.62)		46852527.42
14.36		9.87			19.50		(636.95, 399.75)		47993393.00
14.37		10.12			19.15		(636.65, 399.89)		49218634.33
14.39		10.40			20.28		(636.36, 400.04)		50553490.23
14.41		10.70			19.95		(636.06, 400.18)		52012458.08
14.42		11.02			20.08		(635.76, 400.33)		53592858.48
14.44		11.38			20.23		(635.46, 400.48)		55326536.51
14.46		11.77			20.42		(635.15, 400.64)		57218139.35
14.47		12.20			20.59		(634.85, 400.79)		59289629.44
14.49		12.67			20.77		(634.54, 400.95)		61570783.66
14.51		13.06			20.33		(634.23, 401.10)		63488993.88
14.52		13.23			19.34		(633.93, 401.21)		64296842.61
14.54		13.25			18.84		(633.63, 401.30)		64389341.32
14.56		13.24			18.92		(633.33, 401.40)		64376035.86
14.57		13.26			18.58		(633.03, 401.49)		64470016.44
14.59		13.30			19.74		(632.72, 401.59)		64672448.07
14.61		13.36			19.43		(632.41, 401.69)		64945582.07
14.62		13.43			19.53		(632.11, 401.79)		65302412.43
14.64		13.53			19.87		(631.79, 401.90)		65757544.02
14.66		13.64			19.93		(631.48, 402.01)		66314271.99
14.67		13.77			21.29		(631.16, 402.12)		66938202.77
14.69		13.88			19.17		(630.84, 402.23)		67470342.36
14.71		13.96			20.15		(630.52, 402.34)		67861822.43
14.72		14.03			20.14		(630.21, 402.44)		68198111.44
14.74		14.10			20.33		(629.88, 402.55)		68556954.79
14.76		14.18			20.38		(629.56, 402.65)		68938195.13
14.77		14.26			20.11		(629.23, 402.76)		69329968.47
14.79		14.35			21.16		(628.91, 402.87)		69755754.40
14.81		14.43			20.79		(628.58, 402.97)		70164035.90
14.82		14.52			20.85		(628.25, 403.08)		70568467.44
14.84		14.59			21.01		(627.91, 403.19)		70920130.71
14.86		14.67			21.15		(627.58, 403.30)		71336408.95
14.87		14.76			21.29		(627.24, 403.41)		71754550.76
14.89		14.85			21.36		(626.90, 403.51)		72208909.76
14.91		14.94			21.51		(626.56, 403.62)		72632542.20
14.92		14.99			21.42		(626.22, 403.73)		72882028.45
14.94		15.07			21.66		(625.88, 403.84)		73247178.06
14.96		15.12			21.40		(625.53, 403.95)		73504149.82
14.97		15.21			22.39		(625.18, 404.05)		73953370.55
14.99		15.30			22.02		(624.83, 404.16)		74372443.75
15.01		15.38			22.19		(624.48, 404.27)		74786034.00
15.02		15.46			22.27		(624.12, 404.38)		75140088.94
15.04		15.55			22.39		(623.76, 404.49)		75589434.20
15.06		15.65			22.55		(623.40, 404.60)		76072343.25
15.07		15.74			22.66		(623.04, 404.71)		76516367.97
15.09		15.83			22.78		(622.68, 404.82)		76957846.18
15.11		15.91			23.32		(622.31, 404.92)		77365995.90
15.12		16.00			22.63		(621.94, 405.03)		77775670.45
15.14		16.09			23.05		(621.57, 405.14)		78206950.54
15.16		16.18			23.12		(621.20, 405.25)		78647596.54
15.17		16.28			23.59		(620.83, 405.36)		79118686.77
15.19		16.37			23.59		(620.45, 405.47)		79562377.10
15.21		16.45			24.01		(620.07, 405.58)		79978512.56
15.22		16.55			23.55		(619.69, 405.68)		80441975.21
15.24		16.64			23.89		(619.30, 405.79)		80871160.40
15.26		16.73			24.09		(618.92, 405.90)		81323425.07
15.27		16.82			24.21		(618.53, 406.01)		81765637.93
15.29		16.92			24.36		(618.14, 406.11)		82250012.21
15.31		17.01			24.49		(617.74, 406.22)		82691004.78
15.32		17.09			24.63		(617.35, 406.33)		83072871.52
15.34		17.19			24.77		(616.95, 406.43)		83547301.40
15.36		17.28			24.32		(616.55, 406.54)		83979525.42
15.37		17.37			25.72		(616.14, 406.64)		84438813.35
15.39		17.46			25.16		(615.74, 406.75)		84888530.21
15.41		17.56			25.29		(615.33, 406.85)		85340247.54
15.42		17.65			25.49		(614.91, 406.96)		85796147.95
15.44		17.74			25.59		(614.50, 407.06)		86249719.32
15.46		17.84			25.81		(614.08, 407.17)		86713235.94
15.47		17.93			25.92		(613.66, 407.27)		87142098.82
15.49		18.02			26.13		(613.24, 407.37)		87620860.52
15.51		18.12			26.16		(612.82, 407.47)		88082933.77
15.52		18.21			26.35		(612.39, 407.57)		88513424.17
15.54		18.30			27.19		(611.96, 407.67)		88975215.96
15.56		18.39			26.04		(611.53, 407.77)		89402926.09
15.57		18.49			27.77		(611.09, 407.87)		89886002.21
15.59		18.59			26.09		(610.65, 407.97)		90353895.95
15.61		18.68			27.02		(610.21, 408.07)		90806537.50
15.62		18.77			27.42		(609.77, 408.17)		91267028.72
15.64		18.86			27.33		(609.32, 408.26)		91708314.80
15.66		18.97			27.61		(608.87, 408.36)		92196782.01
15.67		19.06			27.77		(608.42, 408.45)		92668215.98
15.69		19.16			27.92		(607.96, 408.55)		93132823.05
15.71		19.25			28.13		(607.50, 408.64)		93576671.92
15.72		19.34			28.58		(607.04, 408.73)		94022937.03
15.74		19.44			27.68		(606.58, 408.82)		94510887.09
15.76		19.54			28.89		(606.11, 408.91)		94968397.87
15.77		19.63			30.52		(605.64, 409.00)		95431171.35
15.79		19.72			27.31		(605.17, 409.09)		95855232.60
15.81		19.81			29.05		(604.69, 409.18)		96307891.04
15.82		19.90			29.30		(604.21, 409.27)		96752327.88
15.84		19.98			29.39		(603.73, 409.35)		97136818.41
15.86		20.07			29.47		(603.24, 409.43)		97571453.56
15.87		20.16			29.82		(602.75, 409.52)		97989709.04
15.89		20.24			29.81		(602.26, 409.60)		98400799.98
15.91		20.32			30.10		(601.77, 409.68)		98790280.38
15.92		20.40			29.67		(601.27, 409.76)		99162462.17
15.94		20.47			30.97		(600.77, 409.84)		99525076.49
15.96		20.54			30.66		(600.26, 409.91)		99868201.06
15.97		20.59			30.73		(599.76, 409.99)		100086824.79
15.99		20.62			30.94		(599.25, 410.06)		100245021.44
16.01		20.64			31.17		(598.73, 410.14)		100345129.97
16.02		20.64			31.26		(598.22, 410.21)		100340111.74
16.04		20.62			31.45		(597.70, 410.28)		100261100.61
16.06		20.58			31.69		(597.17, 410.35)		100023366.93
16.07		20.47			31.76		(596.65, 410.41)		99518672.92
16.09		20.30			32.01		(596.12, 410.48)		98679088.08
16.11		20.06			32.16		(595.59, 410.55)		97523204.40
16.12		19.74			32.44		(595.05, 410.61)		95985557.95
16.14		19.33			32.43		(594.51, 410.68)		93967106.78
16.16		18.86			32.72		(593.97, 410.74)		91671847.58
16.17		18.33			32.93		(593.43, 410.80)		89121586.82
16.19		17.84			33.00		(592.88, 410.86)		86705574.26
16.21		17.43			33.23		(592.33, 410.92)		84748146.93
16.22		17.20			33.38		(591.78, 410.98)		83598681.58
16.24		17.15			33.45		(591.22, 411.04)		83375686.52
16.26		17.29			34.35		(590.66, 411.09)		84027898.73
16.27		17.56			33.16		(590.10, 411.15)		85341628.14
16.29		17.92			33.95		(589.54, 411.20)		87124749.13
16.31		18.34			33.23		(588.97, 411.25)		89160487.18
16.32		18.77			35.11		(588.40, 411.30)		91264878.68
16.34		19.23			34.43		(587.83, 411.34)		93471479.99
16.36		19.68			34.42		(587.26, 411.39)		95649121.51
16.37		20.09			34.66		(586.68, 411.43)		97640531.34
16.39		20.50			34.84		(586.11, 411.46)		99645805.76
16.41		20.89			34.87		(585.53, 411.50)		101552963.65
16.42		21.22			35.04		(584.94, 411.53)		103154204.15
16.44		21.53			35.28		(584.36, 411.56)		104666334.41
16.46		21.84			35.82		(583.77, 411.58)		106185684.94
16.47		22.11			35.00		(583.18, 411.61)		107482611.69
16.49		22.36			34.83		(582.58, 411.62)		108692395.79
16.51		22.55			36.76		(581.98, 411.64)		109635418.61
16.52		22.77			35.96		(581.39, 411.65)		110686888.19
16.54		22.96			35.97		(580.78, 411.66)		111636381.66
16.56		23.17			36.33		(580.18, 411.67)		112632062.06
16.57		23.35			36.45		(579.57, 411.67)		113529198.10
16.59		23.53			36.66		(578.96, 411.67)		114389571.02
16.61		23.70			36.74		(578.35, 411.67)		115196386.81
16.62		23.86			36.95		(577.73, 411.66)		115981923.44
16.64		24.01			37.04		(577.12, 411.64)		116743793.92
16.66		24.16			38.68		(576.50, 411.63)		117470033.83
16.67		24.31			36.09		(575.87, 411.61)		118198378.43
16.69		24.47			36.75		(575.25, 411.59)		118954104.74
16.71		24.62			38.66		(574.62, 411.56)		119666096.66
16.72		24.75			37.94		(573.98, 411.53)		120338252.96
16.74		24.89			38.12		(573.35, 411.49)		120993693.66
16.76		25.02			38.28		(572.71, 411.45)		121648243.34
16.77		25.16			38.47		(572.07, 411.41)		122331384.13
16.79		25.31			38.68		(571.43, 411.36)		123031670.70
16.81		25.49			38.89		(570.79, 411.30)		123897855.03
16.82		25.64			38.95		(570.14, 411.25)		124632253.79
16.84		25.79			39.15		(569.49, 411.18)		125374945.91
16.86		25.91			39.38		(568.84, 411.12)		125968538.80
16.87		26.05			38.52		(568.18, 411.05)		126617233.15
16.89		26.23			40.72		(567.52, 410.97)		127488282.95
16.91		26.37			39.88		(566.86, 410.89)		128196176.50
16.92		26.52			40.10		(566.20, 410.81)		128908001.39
16.94		26.65			42.12		(565.54, 410.72)		129547388.15
16.96		26.81			38.68		(564.87, 410.62)		130309726.92
16.97		26.95			41.47		(564.20, 410.52)		131033208.42
16.99		27.11			39.96		(563.53, 410.42)		131808415.77
17.01		27.27			41.01		(562.85, 410.31)		132579285.44
17.02		27.44			41.15		(562.18, 410.19)		133377663.43
17.04		27.60			41.41		(561.50, 410.07)		134152314.14
17.06		27.78			40.54		(560.82, 409.95)		135031555.45
17.07		27.93			42.80		(560.13, 409.82)		135758352.48
17.09		28.13			42.04		(559.45, 409.68)		136737774.24
17.11		28.31			42.12		(558.76, 409.54)		137631779.20
17.12		28.48			42.27		(558.07, 409.39)		138467906.55
17.14		28.67			42.60		(557.38, 409.24)		139379673.34
17.16		28.86			42.66		(556.68, 409.08)		140305516.64
17.17		29.04			42.94		(555.99, 408.92)		141179340.68
17.19		29.25			43.09		(555.29, 408.75)		142179231.17
17.21		29.58			43.31		(554.59, 408.57)		143778567.69
17.22		29.80			45.00		(553.89, 408.39)		144860770.31
17.24		30.02			41.36		(553.18, 408.20)		145923035.97
17.26		30.24			45.02		(552.48, 408.00)		147004611.97
17.27		30.47			44.16		(551.77, 407.80)		148137220.40
17.29		30.75			44.35		(551.06, 407.59)		149471702.05
17.31		31.02			44.49		(550.35, 407.38)		150776901.42
17.32		31.28			44.84		(549.64, 407.16)		152040382.49
17.34		31.50			44.99		(548.92, 406.93)		153118560.61
17.36		31.75			45.29		(548.21, 406.70)		154354937.91
17.37		32.02			45.36		(547.49, 406.45)		155678749.79
17.39		32.33			45.64		(546.77, 406.21)		157157283.29
17.41		32.70			45.94		(546.05, 405.95)		158963916.97
17.42		33.02			46.72		(545.33, 405.69)		160516758.90
17.44		33.34			45.71		(544.60, 405.42)		162096496.23
17.46		33.71			46.59		(543.88, 405.14)		163882937.89
17.47		34.14			46.72		(543.15, 404.86)		165957949.57
17.49		34.52			47.14		(542.43, 404.56)		167812164.43
17.51		34.96			47.29		(541.70, 404.26)		169964587.56
17.52		35.46			47.50		(540.97, 403.95)		172395786.45
17.54		35.93			47.80		(540.24, 403.64)		174651437.03
17.56		36.42			48.09		(539.50, 403.31)		177045855.77
17.57		36.92			48.32		(538.77, 402.98)		179463525.71
17.59		37.46			48.52		(538.04, 402.63)		182094585.14
17.61		38.02			49.19		(537.31, 402.28)		184805229.33
17.62		38.67			50.79		(536.57, 401.92)		188010348.65
17.64		39.18			47.41		(535.84, 401.55)		190464684.60
17.66		40.18			49.56		(535.10, 401.17)		195305388.62
17.67		40.97			50.52		(534.37, 400.78)		199173225.39
17.69		41.86			49.64		(533.63, 400.38)		203489169.11
17.71		42.78			50.43		(532.90, 399.97)		207944028.74
17.72		43.87			50.75		(532.16, 399.55)		213258554.70
17.74		45.02			51.03		(531.43, 399.12)		218847174.12
17.76		46.47			51.36		(530.70, 398.67)		225882967.85
17.77		47.91			52.00		(529.95, 398.24)		232910234.12
17.79		48.89			52.82		(529.13, 397.86)		237655427.39
17.81		49.55			56.89		(528.28, 397.51)		240864215.48
17.82		49.95			56.47		(527.40, 397.16)		242815750.50
17.84		50.23			57.45		(526.52, 396.82)		244176359.55
17.86		50.66			56.95		(525.64, 396.46)		246273202.74
17.87		51.06			59.04		(524.76, 396.08)		248226875.97
17.89		51.70			55.43		(523.88, 395.70)		251336779.18
17.91		52.34			57.65		(523.01, 395.29)		254421417.70
17.92		53.03			59.65		(522.14, 394.88)		257773732.86
17.94		53.49			56.16		(521.28, 394.45)		260013485.71
17.96		53.89			58.28		(520.42, 394.00)		261977836.69
17.97		54.23			55.48		(519.56, 393.54)		263633811.10
17.99		54.57			61.26		(518.71, 393.07)		265290870.02
18.01		54.45			62.14		(517.86, 392.58)		264696551.99
18.02		54.49			56.16		(517.01, 392.08)		264878334.28
18.04		54.57			57.33		(516.17, 391.56)		265295931.73
18.06		54.67			61.75		(515.34, 391.03)		265785410.31
18.07		55.16			59.62		(514.50, 390.48)		268163168.82
18.09		55.63			59.43		(513.68, 389.92)		270439894.62
18.11		56.31			59.60		(512.86, 389.34)		273751614.44
18.12		57.44			61.27		(512.04, 388.75)		279247512.67
18.14		58.52			61.21		(511.23, 388.15)		284501011.21
18.16		60.51			59.85		(510.42, 387.52)		294170428.40
18.17		63.09			62.36		(509.62, 386.89)		306703118.62
18.19		67.21			63.35		(508.82, 386.23)		326742507.83
18.21		72.81			56.62		(508.07, 385.64)		353956674.58
18.22		75.13			43.00		(507.42, 385.33)		365230644.37
18.24		74.94			37.16		(506.82, 385.18)		364327729.47
18.26		74.02			35.66		(506.23, 385.10)		359857267.46
18.27		73.28			35.34		(505.64, 385.00)		356260183.15
18.29		72.16			36.42		(505.06, 384.89)		350772025.10
18.31		70.70			34.77		(504.49, 384.75)		343684302.97
18.32		69.01			35.12		(503.92, 384.60)		335499114.10
18.34		67.24			34.51		(503.36, 384.43)		326862956.61
18.36		65.74			35.71		(502.81, 384.24)		319577071.44
18.37		64.41			35.04		(502.27, 384.04)		313103552.33
18.39		63.31			34.85		(501.73, 383.82)		307752291.02
18.41		62.13			36.32		(501.20, 383.58)		302034998.27
18.42		61.35			33.46		(500.67, 383.33)		298247271.24
18.44		60.34			34.85		(500.16, 383.06)		293342352.96
18.46		59.73			36.81		(499.65, 382.78)		290372678.97
18.47		59.19			33.10		(499.15, 382.48)		287742956.69
18.49		58.56			36.07		(498.66, 382.17)		284681271.04
18.51		58.17			34.11		(498.17, 381.85)		282799800.30
18.52		58.05			36.30		(497.69, 381.51)		282216805.77
18.54		57.79			35.70		(497.22, 381.15)		280911471.51
18.56		57.81			34.12		(496.76, 380.78)		281052883.23
18.57		58.04			37.45		(496.30, 380.40)		282137269.02
18.59		58.47			36.15		(495.85, 380.00)		284219598.96
18.61		59.06			36.35		(495.41, 379.59)		287112480.15
18.62		60.02			36.18		(494.98, 379.17)		291765416.29
18.64		60.92			37.42		(494.55, 378.72)		296157319.15
18.66		62.80			35.20		(494.13, 378.27)		305280723.21
18.67		64.11			32.63		(493.79, 377.86)		311676886.25
18.69		64.38			19.94		(493.57, 377.61)		312947681.96
18.71		63.93			10.49		(493.46, 377.48)		310769661.40
18.72		63.51			5.52		(493.45, 377.39)		308762211.84
18.74		63.27			5.16		(493.49, 377.31)		307558742.49
18.76		63.02			7.00		(493.56, 377.22)		306367207.49
18.77		62.74			7.66		(493.64, 377.12)		304990663.07
18.79		62.37			8.76		(493.73, 377.01)		303176330.15
18.81		62.09			9.63		(493.84, 376.88)		301823894.18
18.82		62.07			11.08		(493.95, 376.73)		301743397.73
18.84		62.03			12.74		(494.08, 376.58)		301556665.15
18.86		62.06			12.87		(494.21, 376.40)		301697458.19
18.87		61.86			12.86		(494.34, 376.23)		300707883.87
18.89		61.82			11.87		(494.50, 376.09)		300546948.45
18.91		61.83			12.67		(494.66, 375.99)		300575166.21
18.92		61.67			11.20		(494.83, 375.91)		299814783.09
18.94		60.87			7.26		(494.96, 375.88)		295903652.68
18.96		59.50			5.39		(495.05, 375.87)		289239646.27
18.97		57.91			7.01		(495.15, 375.85)		281539057.46
18.99		55.55			6.67		(495.26, 375.81)		270029344.10
19.01		53.15			8.18		(495.38, 375.77)		258365588.09
19.02		50.70			8.23		(495.52, 375.71)		246491726.97
19.04		48.09			7.09		(495.59, 375.62)		233764351.16
19.06		45.60			8.68		(495.58, 375.49)		221691243.16
19.07		43.36			11.22		(495.48, 375.31)		210809103.05
19.09		40.86			14.49		(495.38, 375.11)		198627018.13
19.11		38.14			14.29		(495.33, 374.87)		185412527.47
19.12		35.41			14.06		(495.34, 374.64)		172126896.34
19.14		32.65			12.02		(495.35, 374.43)		158714335.83
19.16		30.11			10.77		(495.32, 374.26)		146351042.32
19.17		27.91			8.48		(495.26, 374.13)		135693687.51
19.19		26.37			8.53		(495.16, 374.02)		128203336.58
19.21		25.57			10.89		(495.01, 373.92)		124308902.60
19.22		25.27			9.34		(494.87, 373.85)		122848561.05
19.24		25.48			8.71		(494.73, 373.82)		123841938.00
19.26		25.75			7.53		(494.60, 373.79)		125193018.67
19.27		23.71			11.27		(494.42, 373.78)		115258187.79
19.29		19.98			13.00		(494.20, 373.76)		97111388.93
19.31		16.96			11.82		(494.02, 373.73)		82459445.31
19.32		14.72			8.53		(493.88, 373.69)		71581580.31
19.34		13.65			7.47		(493.77, 373.62)		66356995.43
19.36		14.15			6.41		(493.72, 373.53)		68788989.55
19.37		15.00			10.78		(493.72, 373.35)		72940472.93
19.39		17.03			11.42		(493.72, 373.15)		82792994.62
19.41		19.50			11.31		(493.69, 372.97)		94801548.70
19.42		23.36			12.52		(493.61, 372.77)		113549178.33
19.44		27.71			13.66		(493.49, 372.59)		134697288.90
19.46		31.30			13.57		(493.32, 372.43)		152139272.67
19.47		33.03			13.41		(493.14, 372.30)		160586046.47
19.49		33.38			12.33		(492.96, 372.19)		162278033.81
19.51		33.33			11.40		(492.81, 372.08)		162016415.93
19.54		33.98			4.49		(492.68, 372.00)		165202661.75
19.56		34.31			7.22		(492.57, 371.95)		166786609.57
19.57		34.51			6.25		(492.47, 371.92)		167757502.23
19.59		34.68			5.79		(492.38, 371.90)		168599157.13
19.61		34.68			6.50		(492.27, 371.90)		168590274.85
19.62		34.89			2.76		(492.22, 371.91)		169588397.98
19.64		35.64			5.79		(492.13, 371.94)		173273781.36
19.66		37.40			7.89		(492.01, 371.98)		181813494.01
19.67		39.67			7.66		(491.88, 371.97)		192825270.38
19.69		41.15			7.21		(491.77, 371.93)		200019559.46
19.71		41.47			7.01		(491.67, 371.86)		201616181.88
19.72		42.07			6.30		(491.58, 371.80)		204514369.26
19.74		43.23			6.23		(491.49, 371.76)		210136622.95
19.76		43.53			7.69		(491.37, 371.72)		211620911.75
19.77		44.18			7.04		(491.25, 371.72)		214768212.51
19.79		44.17			6.00		(491.15, 371.70)		214714128.22
20.16		202.71			18.47		(496.69, 375.59)		985447875.14
20.17		82.11			422.68		(503.23, 378.29)		399168536.41
20.19		99.03			385.49		(509.48, 380.31)		481415842.89
20.21		112.60			466.71		(516.61, 383.44)		547396011.30
20.22		73.17			466.46		(523.69, 386.60)		355678418.99
20.24		85.29			516.78		(531.54, 390.17)		414637218.71
20.26		62.28			530.55		(539.50, 394.06)		302767473.42
20.27		47.88			557.02		(547.89, 397.97)		232747329.28
20.29		56.15			712.11		(558.60, 403.04)		272959727.41
20.31		22.56			709.62		(569.30, 408.10)		109653349.72
20.32		17.31			710.27		(579.99, 413.16)		84165677.01
20.34		14.47			695.97		(590.67, 418.21)		70341179.59
20.36		11.77			727.16		(601.35, 423.26)		57215008.95
20.37		9.94			704.62		(612.04, 428.31)		48298059.30
20.39		8.61			709.13		(622.71, 433.36)		41847957.05
20.41		7.60			707.08		(633.39, 438.41)		36926518.42
20.42		6.69			708.08		(644.06, 443.46)		32513128.63
20.44		5.92			707.32		(654.74, 448.50)		28777345.26
20.46		5.31			711.10		(665.41, 453.55)		25836341.39
20.47		4.82			708.35		(676.08, 458.59)		23409124.41
20.49		4.41			707.66		(686.75, 463.63)		21440767.64
20.51		4.09			690.86		(697.42, 468.67)		19865506.37
20.52		3.90			766.65		(708.08, 473.71)		18947136.87
20.54		3.83			672.79		(718.75, 478.76)		18626916.14
20.56		3.81			706.15		(729.42, 483.79)		18498928.22
20.57		3.69			707.97		(740.08, 488.83)		17962488.76
20.59		3.43			727.65		(750.74, 493.87)		16681475.78
20.61		3.12			712.09		(761.41, 498.91)		15164235.29
20.62		2.86			719.74		(772.07, 503.95)		13884095.76
20.64		2.69			672.69		(782.73, 508.98)		13056210.62
20.66		2.57			741.91		(793.39, 514.02)		12495897.89
20.67		2.98			373.72		(797.53, 519.06)		14492891.84
20.69		4.02			302.22		(797.53, 524.09)		19538450.03
20.71		4.18			295.79		(797.53, 529.13)		20296106.32
20.72		4.55			308.64		(797.52, 534.16)		22113744.75
20.74		5.27			302.69		(797.52, 539.19)		25600023.15
20.76		6.50			301.16		(797.52, 544.23)		31601876.42
20.77		7.25			302.68		(797.52, 549.26)		35249891.89
20.79		8.41			301.67		(797.51, 554.28)		40860868.03
20.81		11.19			301.44		(797.50, 559.31)		54393685.03
20.82		13.36			327.66		(797.66, 564.77)		64959269.87
20.84		13.03			346.54		(797.72, 570.54)		63362085.36
20.86		12.62			351.07		(797.60, 576.40)		61360578.38
20.87		15.83			351.14		(797.47, 582.25)		76968606.61
20.89		31.24			312.00		(797.61, 587.45)		151851528.86
20.91		119.46			317.32		(798.19, 592.70)		580714732.43
20.92		125.85			393.62		(799.33, 599.34)		611814534.99
20.94		99.07			88.82		(798.15, 598.59)		481622033.29
20.96		77.57			31.12		(798.30, 598.07)		377085506.94
20.97		69.87			46.38		(798.46, 598.83)		339638424.52
20.99		68.02			54.26		(797.58, 598.62)		330661362.88
21.01		67.97			65.12		(796.53, 598.34)		330417642.01
21.02		60.07			68.09		(795.46, 598.70)		291995648.13
21.04		54.36			63.44		(794.66, 598.01)		264257712.96
21.06		44.65			68.96		(793.72, 597.35)		217074098.41
21.07		32.40			84.83		(792.52, 596.60)		157507536.50
21.09		6.87			95.08		(792.34, 595.07)		33388538.48
21.11		8.83			103.34		(791.90, 593.35)		42935410.31
21.12		8.31			98.00		(791.56, 591.75)		40398674.31
21.14		3.73			97.20		(791.14, 590.19)		18108615.89
21.16		10.74			92.91		(790.60, 588.68)		52198018.88
21.17		8.26			99.81		(789.97, 587.20)		40168374.97
21.19		12.26			96.23		(789.33, 585.73)		59621059.06
21.21		30.07			88.53		(787.92, 585.31)		146197484.96
21.22		4.63			91.38		(786.52, 584.88)		22530257.64
21.24		3.22			85.09		(785.11, 584.45)		15671495.05
21.26		1.59			88.16		(783.71, 584.01)		7718137.78
21.27		5.52			87.88		(782.31, 583.58)		26849668.32
21.29		16.66			62.72		(781.37, 583.12)		80986429.37
21.31		32.27			40.85		(781.41, 583.89)		156874851.80
21.32		28.50			83.38		(781.11, 585.05)		138562650.61
21.34		25.05			30.19		(781.44, 585.44)		121781142.86
21.36		22.73			13.78		(781.65, 585.53)		110478375.09
21.37		41.08			4.63		(781.62, 585.46)		199697290.61
21.39		15.37			3.83		(781.58, 585.41)		74694384.99
21.41		27.23			3.69		(781.54, 585.36)		132349066.69
21.42		51.48			51.67		(780.70, 585.29)		250243854.81
21.44		6.99			49.40		(779.88, 585.23)		33981107.51
21.46		7.63			49.37		(779.06, 585.16)		37093578.72
21.47		4.72			49.27		(778.24, 585.09)		22949719.42
21.49		2.89			49.24		(777.42, 585.02)		14068464.06
21.51		3.28			49.19		(776.61, 584.95)		15944418.29
21.52		7.30			49.28		(775.79, 584.88)		35464019.24
21.54		13.38			32.09		(775.26, 584.95)		65051944.89
21.56		15.30			29.05		(775.06, 585.39)		74379603.59
21.57		13.40			30.12		(774.87, 585.86)		65142778.46
21.59		10.17			29.89		(774.67, 586.32)		49416123.21
21.61		7.35			29.70		(774.48, 586.77)		35740575.06
21.62		4.77			29.68		(774.28, 587.23)		23172179.74
21.64		0.88			29.49		(774.09, 587.68)		4295964.10
21.66		10.13			29.51		(773.90, 588.13)		49236045.10
21.67		6.12			28.89		(773.71, 588.59)		29741587.00
21.69		4.36			30.23		(773.52, 589.04)		21210631.94
21.71		3.42			29.48		(773.33, 589.50)		16649746.07
21.72		2.79			29.48		(773.14, 589.95)		13559774.20
21.74		2.42			29.47		(772.96, 590.40)		11775134.60
21.76		2.23			29.44		(772.77, 590.86)		10859652.71
21.77		2.32			29.42		(772.59, 591.31)		11267943.90
21.79		2.92			29.07		(772.41, 591.77)		14204887.10
21.81		4.10			29.88		(772.22, 592.22)		19951596.13
21.82		6.19			29.52		(772.04, 592.68)		30112606.52
21.84		9.58			29.08		(771.84, 593.12)		46559120.54
21.86		12.29			28.43		(771.51, 593.47)		59768627.39
21.87		10.01			35.32		(770.95, 593.64)		48654040.66
21.89		5.22			40.87		(770.28, 593.73)		25390546.60
21.91		9.62			45.49		(769.58, 594.04)		46778228.47
21.92		16.91			63.40		(768.68, 594.62)		82183076.61
21.94		14.62			65.92		(767.78, 595.22)		71070074.97
21.96		11.68			63.74		(766.91, 595.83)		56777558.58
21.97		11.80			63.66		(766.04, 596.44)		57341000.60
21.99		18.29			63.57		(765.17, 597.04)		88918034.29
22.01		36.85			60.27		(764.31, 597.55)		179137456.85
22.02		35.29			54.45		(763.40, 597.58)		171539676.64
22.04		13.85			54.23		(762.50, 597.53)		67338404.35
22.06		16.73			26.28		(762.07, 597.42)		81337722.31
22.07		17.49			9.58		(762.06, 597.27)		85031282.81
22.09		14.91			15.33		(762.23, 597.07)		72484496.46
22.11		13.18			14.18		(762.31, 596.85)		64058535.20
22.12		13.31			16.61		(762.26, 596.58)		64695358.34
22.14		15.38			21.49		(762.15, 596.24)		74763403.86
22.16		19.36			25.86		(762.09, 595.81)		94100267.05
22.17		25.78			28.64		(762.09, 595.33)		125333196.44
22.19		35.66			28.30		(762.08, 594.85)		173339824.88
22.21		44.52			27.83		(762.08, 594.40)		216420807.99
22.22		44.27			24.35		(762.10, 593.99)		215213074.16
22.24		35.50			20.81		(762.21, 593.66)		172581419.82
22.26		26.18			20.84		(762.33, 593.34)		127251231.97
22.27		18.38			21.23		(762.45, 593.00)		89327577.34
22.29		11.73			21.56		(762.57, 592.66)		57022943.88
22.31		7.09			21.74		(762.69, 592.32)		34451647.27
22.32		6.02			21.82		(762.81, 591.98)		29282246.19
22.34		6.90			21.96		(762.94, 591.64)		33546577.68
22.36		8.97			21.92		(763.06, 591.29)		43609324.06
22.37		11.77			21.93		(763.19, 590.95)		57227350.10
22.39		13.78			22.01		(763.32, 590.61)		66999943.18
22.41		14.10			23.47		(763.39, 590.22)		68546606.38
22.42		15.08			24.77		(763.39, 589.81)		73329741.68
22.44		19.72			23.43		(763.37, 589.42)		95868553.30
22.46		23.97			24.07		(763.33, 589.02)		116521888.74
22.47		25.97			24.83		(763.30, 588.61)		126226258.93
22.49		26.58			24.43		(763.27, 588.20)		129211081.68
22.51		26.46			24.45		(763.25, 587.80)		128647015.25
22.52		25.92			24.24		(763.24, 587.39)		125997493.98
22.54		25.37			24.17		(763.24, 586.99)		123318766.18
22.56		24.78			24.10		(763.24, 586.59)		120482323.18
22.57		24.24			24.02		(763.25, 586.19)		117839186.26
22.59		23.70			23.93		(763.26, 585.79)		115200867.23
22.61		23.32			23.83		(763.28, 585.39)		113376695.64
22.62		22.97			23.81		(763.31, 585.00)		111659434.74
22.64		22.61			23.63		(763.34, 584.60)		109913307.83
22.66		22.36			23.60		(763.38, 584.21)		108694368.11
22.67		22.16			23.59		(763.43, 583.82)		107737570.28
22.69		22.08			23.65		(763.48, 583.43)		107319097.17
22.71		22.07			24.02		(763.54, 583.04)		107274026.03
22.72		22.10			23.21		(763.61, 582.66)		107454418.23
22.74		22.19			23.53		(763.68, 582.27)		107874950.27
22.76		22.33			23.53		(763.75, 581.88)		108557388.23
22.77		22.54			23.54		(763.83, 581.50)		109573246.57
22.79		22.80			23.49		(763.92, 581.12)		110839248.43
22.81		23.12			23.53		(764.02, 580.74)		112405802.53
22.82		23.47			23.70		(764.12, 580.36)		114085774.01
22.84		23.60			24.03		(764.20, 579.97)		114715404.77
22.86		23.54			24.42		(764.27, 579.57)		114440998.92
22.87		23.36			24.50		(764.35, 579.16)		113539691.42
22.89		23.30			24.60		(764.42, 578.76)		113285940.82
22.91		23.30			24.60		(764.51, 578.36)		113278151.01
22.92		23.38			24.62		(764.60, 577.96)		113675516.84
22.94		23.43			24.72		(764.69, 577.56)		113916888.07
22.96		23.51			24.84		(764.78, 577.15)		114312437.37
22.97		23.57			24.35		(764.88, 576.75)		114570490.81
22.99		23.65			25.57		(764.98, 576.35)		114950507.50
23.01		23.71			26.06		(765.09, 575.94)		115272200.04
23.02		23.80			24.26		(765.19, 575.53)		115694025.45
23.04		23.90			25.22		(765.30, 575.13)		116187029.93
23.06		24.00			25.67		(765.42, 574.72)		116671284.30
23.07		24.10			26.72		(765.53, 574.31)		117162549.16
23.09		24.22			24.17		(765.66, 573.91)		117758548.67
23.11		24.33			25.66		(765.78, 573.50)		118290626.77
23.12		24.45			25.73		(765.91, 573.09)		118857422.78
23.14		24.54			25.86		(766.04, 572.68)		119314672.03
23.16		24.67			25.94		(766.18, 572.27)		119936148.20
23.17		24.80			26.06		(766.32, 571.86)		120554475.27
23.19		25.06			26.11		(766.46, 571.44)		121838843.78
23.21		25.42			26.52		(766.58, 571.02)		123572872.77
23.22		25.47			26.50		(766.67, 570.58)		123829119.99
23.24		25.10			28.74		(766.73, 570.11)		122024233.66
23.26		24.69			28.04		(766.79, 569.65)		120045525.95
23.27		24.32			29.67		(766.86, 569.19)		118240131.64
23.29		24.02			26.52		(766.93, 568.73)		116763872.76
23.31		23.77			28.00		(767.01, 568.27)		115546473.13
23.32		23.57			27.88		(767.10, 567.81)		114593908.25
23.34		23.47			28.05		(767.19, 567.35)		114096035.00
23.36		23.40			27.99		(767.29, 566.90)		113761610.62
23.37		23.41			28.00		(767.40, 566.44)		113799733.72
23.39		23.50			28.16		(767.51, 565.99)		114262864.15
23.41		23.68			28.61		(767.63, 565.54)		115137850.35
23.42		23.90			27.66		(767.76, 565.08)		116177393.65
23.44		24.27			28.20		(767.89, 564.63)		118002962.57
23.46		24.75			29.86		(768.03, 564.18)		120325721.68
23.47		25.36			26.76		(768.17, 563.73)		123259891.03
23.49		25.98			27.78		(768.33, 563.29)		126315464.95
23.51		26.41			29.15		(768.49, 562.84)		128410126.24
23.52		26.11			28.81		(768.64, 562.39)		126946502.19
23.54		25.48			29.73		(768.80, 561.93)		123851027.07
23.56		24.59			27.92		(768.97, 561.48)		119531098.93
23.57		23.49			29.26		(769.14, 561.04)		114170920.41
23.59		22.23			28.30		(769.32, 560.59)		108055844.75
23.61		20.88			28.75		(769.50, 560.15)		101481040.79
23.62		19.50			29.76		(769.69, 559.71)		94794709.04
23.64		18.11			28.19		(769.89, 559.27)		88014549.21
23.66		16.76			28.19		(770.09, 558.84)		81459341.50
23.67		15.50			28.66		(770.29, 558.40)		75357288.10
23.69		14.31			28.57		(770.50, 557.98)		69582672.67
23.71		13.22			28.50		(770.71, 557.55)		64266617.34
23.72		12.26			28.62		(770.92, 557.12)		59602531.68
23.74		11.36			27.53		(771.14, 556.70)		55227856.12
23.76		10.56			29.59		(771.35, 556.28)		51314909.64
23.77		9.85			28.51		(771.58, 555.86)		47887403.69
23.79		9.21			28.56		(771.80, 555.44)		44795383.28
23.81		8.67			28.58		(772.03, 555.02)		42160612.48
23.82		8.19			28.55		(772.25, 554.60)		39806638.46
23.84		7.80			28.57		(772.48, 554.18)		37916531.42
23.86		7.48			28.65		(772.72, 553.77)		36376364.45
23.87		7.20			28.72		(772.95, 553.35)		34998097.78
23.89		7.00			28.74		(773.19, 552.93)		34043022.63
23.91		6.89			28.67		(773.43, 552.52)		33477174.70
23.92		6.84			28.95		(773.67, 552.10)		33235575.05
23.94		6.80			28.91		(773.91, 551.68)		33067377.78
23.96		6.81			28.99		(774.16, 551.27)		33124950.51
23.97		6.87			29.12		(774.40, 550.85)		33417791.90
23.99		7.08			30.14		(774.65, 550.43)		34420050.84
24.01		7.21			28.31		(774.90, 550.01)		35035761.25
24.02		7.41			30.69		(775.15, 549.59)		36003116.78
24.04		7.63			29.19		(775.40, 549.17)		37077246.51
24.06		7.88			28.69		(775.66, 548.75)		38315307.57
24.07		8.17			29.73		(775.92, 548.32)		39697824.01
24.09		8.50			29.88		(776.17, 547.90)		41304539.93
24.11		8.88			29.94		(776.43, 547.47)		43147124.15
24.12		9.23			30.17		(776.70, 547.04)		44886682.70
24.14		9.62			30.32		(776.96, 546.61)		46764760.74
24.16		10.09			30.39		(777.22, 546.18)		49069976.88
24.17		10.63			30.67		(777.49, 545.75)		51674613.81
24.19		11.27			30.77		(777.76, 545.31)		54777930.85
24.21		12.00			31.03		(778.03, 544.87)		58336415.28
24.22		12.81			31.16		(778.30, 544.42)		62284991.59
24.24		13.70			31.39		(778.57, 543.98)		66597933.49
24.26		14.65			30.49		(778.85, 543.53)		71229742.23
24.27		15.66			34.44		(779.13, 543.08)		76118335.56
24.29		16.73			30.96		(779.40, 542.62)		81342860.86
24.31		17.91			32.42		(779.68, 542.16)		87082631.60
24.32		19.09			32.66		(779.97, 541.69)		92787654.75
24.35		20.37			20.14		(780.25, 541.21)		99035688.19
24.36		21.67			100.96		(780.54, 540.73)		105363225.70
24.37		23.00			33.89		(780.82, 540.24)		111807438.75
24.39		24.65			34.29		(781.11, 539.75)		119832051.62
24.41		26.18			34.65		(781.40, 539.25)		127268034.94
24.42		27.84			35.10		(781.69, 538.74)		135346089.32
24.44		29.75			35.53		(781.98, 538.23)		144630255.75
24.63		40.36			7.06		(782.42, 536.93)		196180989.20
24.70		45.02			13.95		(782.75, 536.07)		218834935.28
24.71		46.61			49.30		(782.93, 535.67)		226568407.06
